w1
M_design=6.5
X1=0.424433
X2=0.265003
X3=0.606155
X4=0.221134
w=4.2
h=1.876
betaDeg=15
gamma=1.4
